https://lvgl.io/tools/fontconverter

Montserrat-Medium
0x0180-0x024F, 0x0020-0x007F, 0x00A0-0x00FF, 0x0100-0x017F

FontAwesome5-Solid+Brands+Regular
61441,61448,61451,61452,61452,61453,61457,61459,61461,61465,
61468,61473,61478,61479,61480,61502,61512,61515,61516,61517,
61521,61522,61523,61524,61543,61544,61550,61552,61553,61556,
61559,61560,61561,61563,61587,61589,61636,61637,61639,61671,
61674,61683,61724,61732,61787,61931,62016,62017,62018,62019,
62020,62087,62099,62212,62189,62810,63426,63650
